-1
10902
693
71
953
155
28
1309
764
63
116
4709
59
127
5155
343
8
1254
1653
2211
24
1378
769
3900
241
3900
7
1949
8058
10
59
12
1118
1587
116
9400
332
764
488
128
835
183
1359
12
607
24
837
127
65
4121
3439
408
9
1162
85
110
2211
127
942
135
48
8742
63
116
5483
102
80
5405
74
796
120
655
120
74
395
63
395
395
74
65
0
74
179
5169
3807
655
4772
559
98
1779
1866
1861
1397
1250
105
83
63
604
0
74
2280
1262
10200
9081
127
140
2398
1524
405
584
82
63
166
59
12
65
59
73
3640
105
914
2555
476
105
128
825
733
10
1295
5405
131
764
59
4249
9
1178
127
105
105
982
166
99
3817
3218
110
12
292
5005
3056
75
120
107
90
3953
1559
764
1742
1878
1708
120
10
80
221
65
30
764
102
92
914
3894
215
764
583
1287
4182
218
177
225
208
54
58
6445
1622
208
3542
186
2556
10845
208
200
869
524
1496
775
2280
189
299
878
120
775
223
1296
240
1287
652
1080
4170
1599
1046
2745
1052
469
218
764
581
218
620
200
200
2230
221
1287
54
4167
4112
975
1559
5828
53
210
1622
6451
2206
135
6162
2743
1343
186
83
7893
127
116
1720
693
3597
1178
531
7
1000
769
530
405
764
808
307
221
1943
2118
303
568
292
2673
2267
557
574
3542
289
496
947
5859
747
1044
289
1808
2211
747
155
693
80
129
2004
1866
6082
57
4457
275
2978
350
483
296
999
289
426
720
303
3929
1950
298
1287
764
455
1157
289
266
405
467
83
266
574
1385
71
1418
1484
318
241
2921
7556
318
316
367
3585
221
1850
298
192
432
6433
221
12
1505
582
1295
702
269
1769
2430
341
1022
23
6168
1235
352
3520
8
408
1107
269
350
1393
604
878
346
4154
341
350
2059
706
358
451
63
991
732
292
116
367
441
127
80
1262
942
3332
116
350
2856
358
357
116
3529
3296
63
127
2970
963
369
357
3900
1302
1001
1127
2896
127
1326
451
2280
10398
63
454
2608
12
933
394
441
207
3048
2263
59
12
419
1484
808
221
601
6130
483
642
964
1389
782
2211
10
1563
410
782
405
401
401
63
1107
12
401
401
5299
127
6177
74
1235
120
252
1287
63
408
451
1369
1565
34
1287
6358
3005
24
3126
229
377
247
3077
441
128
830
40
2019
398
6607
347
8850
461
2673
398
486
59
1569
221
4798
472
493
6066
9
23
1025
395
471
482
240
764
481
693
427
8980
471
42
830
824
472
472
4408
5058
6196
426
4182
5227
171
724
507
3842
982
1622
7076
10894
128
985
120
4457
2027
920
531
2856
3097
518
183
332
9137
2211
604
547
3296
2620
240
417
1526
120
10
417
7214
2338
6532
1008
831
2193
2061
1459
440
703
545
878
2101
2967
9464
9789
6212
3377
398
552
1809
40
269
4754
979
4711
6662
660
1469
1861
482
110
796
7129
1187
274
30
6653
2424
395
571
587
570
114
59
2193
395
127
2135
1475
592
9
560
481
575
570
674
7151
1861
74
5405
570
570
570
116
570
878
155
570
221
1133
63
601
330
127
1070
41
63
570
7423
2169
2549
2307
1541
615
10614
278
80
3520
59
5169
780
4672
405
614
636
1559
2618
63
6730
636
8478
99
8827
4181
630
629
5405
692
636
1290
30
9
2531
24
788
2060
1387
9605
183
656
221
2003
1777
584
2618
4390
952
3210
2019
1282
203
10055
1423
6365
1287
649
405
12
288
2379
1599
1969
5155
408
2060
3432
221
2070
1866
10865
3059
2337
1433
7307
172
6412
764
398
2841
2014
764
59
6168
764
2410
1343
772
2414
713
127
2211
350
63
10110
5552
4270
44
1381
900
2357
699
692
2749
721
575
63
127
1679
116
63
711
1359
155
914
3
750
10
3715
522
735
405
155
127
7826
10525
1478
7983
63
1559
2939
1440
2519
10821
2964
2338
7657
789
511
642
1397
642
1189
583
5405
75
1285
9
767
9769
10
405
405
782
9
5089
601
781
781
2280
1164
601
63
602
2211
1164
781
63
59
4198
221
759
59
5405
12
1971
764
363
642
241
3459
7784
59
1262
4207
59
157
803
1527
803
8709
9
12
798
803
1002
838
2755
1440
90
10906
1557
3439
230
522
230
28
815
10323
857
2693
784
835
63
693
40
692
1309
821
12
9
1969
190
528
2193
128
3553
27
1287
577
483
2193
10110
3864
829
2595
568
367
3177
1496
405
1795
8824
469
848
127
1508
7983
772
12
3432
905
1035
769
8509
824
3128
426
4582
1025
1163
417
127
1285
883
328
882
7608
116
10
3629
116
874
2351
9
10
733
349
1285
59
3374
221
221
59
1685
890
165
919
562
897
1046
3439
49
12
2911
1406
4442
3759
1838
919
413
2013
1406
919
1182
1082
819
1290
221
908
727
120
723
5169
911
10922
129
4127
1826
1264
678
2193
548
440
2118
0
3337
969
225
278
208
278
80
958
967
959
980
2715
945
390
42
966
4207
278
3439
221
278
958
1002
947
948
2211
960
7992
6168
969
3281
965
737
948
1691
561
1104
440
3054
2206
4270
5155
1878
977
4368
74
14
982
159
3747
5198
989
1446
2307
2777
1655
1912
994
977
4158
975
998
977
697
3153
1104
1594
1809
2779
991
905
278
278
2211
1337
528
6101
688
6337
1019
1015
3542
10876
1029
1015
63
36
80
278
2869
8058
1166
1178
5028
2280
343
120
1496
7013
393
1249
120
2222
6168
2533
10482
2921
1934
2193
2770
1861
120
157
12
367
1976
80
4352
1230
2232
1892
2642
4542
1784
1081
4673
1630
4582
642
2621
8116
1052
600
1717
574
398
2687
893
1162
837
1081
583
30
764
676
1050
1089
63
3031
1888
405
7570
1250
5169
12
8137
4709
1091
5138
1248
1696
208
4355
1093
1093
1093
923
2811
1157
1804
861
1826
2554
1115
1798
10160
1115
1729
405
1119
1900
4261
1295
4634
812
4633
1115
4270
240
2359
1051
4270
176
1144
1695
9522
1129
1473
1130
8698
4270
1129
693
782
3842
295
2803
3913
1145
1131
1253
240
826
1150
3676
1158
2312
8442
1151
884
3417
440
1161
775
2211
1171
344
953
63
59
127
395
4672
10
74
10273
1161
760
116
405
3126
1181
120
8289
1647
1179
4672
1052
3537
127
1181
405
3544
3676
1196
1192
6201
1777
9219
347
605
3
12
29
769
2597
1287
298
7988
10374
1212
1194
671
1488
2193
642
1207
524
190
2540
2003
31
1317
4681
1225
761
1225
3383
1240
1224
1240
173
1240
696
1309
642
1484
288
10068
423
405
2964
604
378
1245
1343
1240
199
7226
1927
63
10276
120
1866
82
395
642
221
10
10
582
6314
926
1265
221
1266
2618
834
395
1279
221
942
59
9441
340
5405
179
716
3820
6249
2226
7954
359
1277
75
2529
1944
1944
9
1287
5957
398
2193
1287
1282
1728
1296
1357
3106
332
332
269
221
323
3701
7273
1622
30
10795
426
1304
1306
764
24
3048
4053
1623
1307
3379
1669
116
59
733
221
1307
1559
9122
1104
1622
2225
4529
829
2115
1829
90
2101
2957
1337
2680
2017
367
6110
8062
1345
1339
607
1892
1484
1484
4275
1592
2173
623
861
6313
1187
1355
1287
408
10926
1352
602
2989
814
5399
4322
1005
1364
973
1107
423
1363
1367
2211
1671
905
2280
10065
120
344
747
5405
116
1368
186
221
398
469
1390
872
255
267
2233
764
3456
184
1273
399
2533
7639
2272
10
1399
1395
1406
398
1486
5468
9
583
1359
4190
905
7
8206
859
780
255
10511
171
9444
1182
221
1442
80
3829
6151
1164
7379
1442
173
956
225
2582
498
4745
5814
278
201
4923
180
2398
1691
1777
2644
1442
3774
654
782
5405
805
2710
1456
1448
1802
1448
78
3730
1389
1287
9145
71
661
13
440
12
716
2272
154
7993
693
964
116
1455
350
39
1480
560
13
2059
2280
3296
5567
10113
5692
1484
522
2828
1309
839
1508
1494
3143
655
655
2104
1530
1491
1530
3078
278
1045
3439
812
1498
80
230
1564
2289
349
1124
703
1000
1511
127
1515
2618
63
225
1529
1565
6098
10
2786
1530
1559
2944
59
221
5868
413
6074
111
1525
5133
1378
4
1509
1509
2611
152
620
972
655
1342
559
497
1560
1543
1558
10289
2342
1545
4
891
4853
3451
1548
2225
1545
1548
2698
9170
221
1548
9544
293
528
30
71
2338
2338
10
1622
957
6168
3065
617
3016
5169
3462
986
2560
1089
1588
78
179
787
6943
971
4913
347
1584
1877
2003
23
905
80
82
10513
3715
2383
1584
3842
868
1464
6
2103
7390
1601
186
1094
576
941
1302
1906
2514
1615
3709
1612
1635
204
1389
4171
827
4793
10
12
116
5552
1684
5626
3610
6899
63
1369
63
1383
7
769
6336
131
7885
1641
5883
1645
4253
2060
1666
1644
2491
621
830
1654
3548
1654
222
1469
1645
80
8125
1150
3168
7736
0
10398
230
4649
1420
658
80
5553
880
3143
5684
1797
1889
2695
63
406
5567
135
144
59
1439
5466
426
604
1309
481
135
5462
222
1701
2462
528
406
830
884
8115
120
12
1037
1411
642
1707
3200
4168
3281
4676
1689
2906
782
179
2906
764
1698
809
1695
1721
5902
1721
1720
10160
1708
1712
255
559
4426
1689
1715
1148
2280
594
2752
74
2695
1737
642
2280
642
1752
1737
1287
221
1737
127
469
3600
3297
1199
879
7267
1737
2755
10
1747
6879
1303
7806
116
10160
753
2290
3977
6768
221
6024
1971
8378
577
4121
1771
796
3111
8077
1775
1787
1072
1768
1768
935
1768
80
4297
3280
210
1768
221
426
1768
3315
1768
2597
1434
1684
299
3553
667
943
1064
1385
1742
1796
410
230
3296
408
957
1389
2516
1372
199
31
8767
116
3042
3140
1845
1846
1814
1848
8856
221
2219
2
6754
3497
1157
1814
398
469
655
5294
1235
536
2356
712
4927
3089
1825
63
773
1814
29
59
1836
1814
1813
1848
10849
1848
1844
6177
1861
6120
4561
1879
1879
1126
80
1886
1857
5169
1853
1052
9146
1878
9790
993
83
168
414
216
1857
1433
180
2589
196
2017
2752
80
1512
1857
50
85
1550
5169
1420
5169
1855
2337
4713
4582
2337
1329
90
977
2206
6525
1907
1904
5169
1420
157
216
4362
6137
6336
80
83
935
1897
935
9857
278
1850
942
4938
4448
1940
3790
1925
1917
6768
8221
1929
7564
2195
1652
186
682
1929
1939
1929
8707
1939
3153
3709
1704
203
1919
5558
1916
1919
1033
2211
193
2511
1587
1951
2514
33
39
5462
1947
10
3402
8720
24
1071
20
1955
894
1406
3947
10046
2305
190
240
373
422
2280
2642
1157
221
6168
1975
2482
1977
190
2225
1973
1293
120
1983
2267
6158
3439
1658
4692
1981
524
51
553
1981
607
4905
4908
1981
903
27
4025
1397
994
878
2710
338
5549
3021
5256
198
2000
464
8505
6903
210
2005
981
476
10400
120
982
531
360
111
3747
10404
4709
787
251
1599
1405
3553
991
2023
2528
620
2044
3771
5612
1804
3776
5280
2044
328
1378
311
2032
3978
531
7559
1894
1388
1010
78
2053
2063
686
2558
1033
938
666
827
183
41
7302
4818
2063
2063
2063
1138
2735
761
90
2680
686
4311
2063
30
295
20
3935
185
3880
491
1405
1466
538
861
2081
2081
127
2558
2598
4621
2086
4016
782
2087
10
199
2114
2061
1329
1491
2098
5005
655
275
267
2722
1866
74
4678
2012
4883
2114
2112
4072
2119
434
410
970
6486
973
221
7424
2130
340
643
1000
5405
782
2140
214
10571
1072
2041
395
3296
2130
5673
398
2119
364
2130
12
2939
703
5780
2154
906
2146
59
2061
784
1178
2149
2698
9793
2154
673
2308
6144
994
673
3044
416
6351
1378
10653
133
6193
20
10159
4270
1309
1120
5132
3891
298
63
2187
930
1022
2174
5169
7451
127
1618
2189
6991
2182
2187
2202
1254
9
1397
434
2812
7
1485
63
1290
1742
2203
5011
2202
2202
1033
2206
7818
1685
1189
155
1746
2211
7353
1359
2841
712
2214
581
2221
2030
733
2955
221
1976
769
1683
74
2220
6208
8942
3243
111
5828
1950
2235
4768
8329
3280
5511
1521
8735
623
2253
2304
3451
80
6217
10404
327
2248
284
3439
10703
120
398
63
10605
9783
3358
4590
703
26
2260
2060
2260
2572
2269
2260
1683
2268
871
2685
440
590
3744
764
2282
127
127
814
2283
4949
10258
10
2284
5129
59
6249
1692
575
1484
3673
2210
221
2300
7960
2296
395
8831
160
6314
1280
1683
5019
830
554
210
7733
2327
2729
1614
868
2324
3803
6182
4709
1635
7806
954
24
328
2310
868
620
3880
2332
1501
7626
2178
2327
4751
10193
5474
2347
2784
83
837
144
6371
1272
50
252
455
2335
1559
2353
4633
2353
2347
1681
29
2340
2363
2358
338
4085
6574
632
2355
4622
2716
2360
4155
12
914
2375
5534
2370
2372
3803
4158
5540
128
2368
6367
1684
174
116
2375
1569
4995
3
2407
460
2784
2158
641
651
2382
2407
2407
171
9152
2392
9314
4377
120
2243
10087
426
3655
2406
2390
10
703
2404
1157
3196
25
2412
6962
2423
116
328
2412
4175
2416
356
2410
1383
2418
2416
116
440
3841
198
2423
347
1587
2423
46
6412
2444
652
4796
2745
5169
2459
4080
328
801
1739
7254
2434
2445
3702
3572
869
78
2452
2424
10
2459
1105
2459
1031
703
2445
1468
9921
642
7599
1830
6842
655
2475
2467
3572
73
284
2468
3765
2468
10973
725
4352
1268
221
1742
39
717
4250
10065
778
2490
124
554
802
7664
127
127
1022
9128
315
4457
4072
442
2500
9138
2500
1964
722
5405
601
2365
1385
2500
720
1458
214
1406
5492
5138
7765
36
5990
548
775
2491
2513
932
2405
720
2513
788
1287
623
350
6158
2572
2856
328
2530
2531
830
2988
3452
9238
63
1164
9789
600
1353
135
1281
4007
3956
221
7025
127
135
5988
3466
764
199
230
834
932
764
1982
3634
7613
7286
10887
2575
2398
2575
2833
2575
2541
127
4692
156
2565
2080
9265
1804
2577
3284
2469
2578
3189
620
131
1293
2577
10529
993
2800
2017
2589
1805
1146
116
156
5210
2631
5409
7885
423
1173
845
2817
2480
2609
2841
5248
2598
10
661
201
2616
559
4785
7283
9554
3439
4565
2621
1163
0
1474
3546
2634
350
221
2634
557
12
1970
4140
2634
2632
10482
488
2658
2654
2646
2638
2646
1892
1216
221
4025
2654
3709
3466
2061
2638
2638
1069
139
2652
22
2995
10443
2654
2654
2651
2658
4190
1310
1531
174
830
171
2379
10635
2884
784
554
2812
4170
8123
2689
1279
8765
2677
80
1899
2337
120
8123
2689
359
1201
2689
9554
2689
1777
501
243
2701
1187
782
2385
1526
413
574
10405
8151
1233
1804
604
3281
3673
1287
42
1630
2171
7059
7
4319
2939
183
176
39
8481
995
3563
8554
8088
2733
5203
2732
838
1559
2730
3459
637
1253
2726
1025
120
8441
2747
1497
4709
1622
467
1030
127
30
90
4538
2748
3006
1230
5678
3653
649
98
10673
4249
7642
132
2756
320
2756
1033
1157
830
2756
2778
10110
4270
2771
1829
1420
2778
554
2771
1631
2771
5859
2178
2756
975
10478
10064
221
8058
3842
10764
655
2790
604
4679
6187
2324
6371
6625
6275
2346
3660
2911
2796
2919
6032
395
3587
4425
2805
2807
2680
2813
2246
3717
1944
985
2869
4468
2807
221
4336
2088
127
2824
2817
2819
340
2819
1452
1467
6625
2819
295
2834
4975
2832
3543
2083
2831
1618
2834
2836
10068
2846
8236
528
4709
992
7711
2846
2844
1359
2041
2860
2849
2849
2849
747
18
2849
116
2855
328
2849
2867
4336
2860
81
2862
6802
2971
10105
405
1944
3005
10152
4522
6981
8342
9963
831
4375
405
930
2789
327
30
930
1094
3978
563
2886
717
4508
1156
2894
10152
1105
2892
2662
871
527
4994
1073
2898
2900
2099
2909
3463
2902
1698
2642
953
1707
1420
1714
1707
92
1163
747
2551
783
1164
13
10900
328
534
953
1168
3371
691
2934
1378
2943
4542
827
1253
1746
2935
6895
3351
1187
1262
885
120
2927
2934
2934
2729
2950
1446
9975
2337
6997
2947
2956
7166
344
830
871
8888
1769
2951
434
1068
4750
8552
4029
1302
1688
284
2193
398
1290
3676
2280
5300
8707
99
8858
3363
2985
6515
2984
3200
2138
4175
1491
4257
2979
935
2983
2985
814
2979
1108
782
2997
9158
2338
3337
5555
1287
1182
733
3015
3004
3002
3014
830
2471
4253
3001
29
658
1808
3004
753
3001
6432
2512
135
3023
135
1874
0
3018
7473
4229
3022
469
3884
4793
3022
3020
1268
3361
3043
764
5995
5019
246
1166
3033
221
3033
2471
3049
2110
3041
3043
3043
3221
4426
2578
7269
2512
2689
977
5154
1892
14
3063
2729
3490
5155
3058
8244
338
4167
3067
3058
3102
20
5578
6101
3079
6779
2761
4355
3101
2735
2684
3102
3083
5322
3080
3075
3102
5169
5607
3102
769
642
2301
3087
6736
2427
2017
516
606
993
1861
2642
3084
2427
3080
1252
1097
10250
3056
782
3109
5616
3108
1262
4072
3115
3113
3110
10586
3116
1017
671
1157
1381
5468
32
2986
417
135
1329
3726
644
3127
802
3725
4556
3135
3823
1251
3296
4457
731
0
208
2272
1162
9208
2398
3756
9329
1083
765
106
3156
6802
9
7435
3151
3144
3158
3160
1878
1386
3163
6324
2124
3170
1032
2618
3923
6120
3161
3169
3173
199
8244
6061
5462
3967
3179
2027
3184
944
3184
3181
3177
3180
3184
3192
1201
1400
1622
6213
10640
3191
10606
1260
135
325
3198
3228
3204
2123
7067
6380
2464
3207
3204
1327
3198
135
3449
208
3198
6724
2489
6724
4672
3198
3198
2522
3198
3198
1107
749
3198
3198
769
2735
3198
1639
3150
3219
3252
3252
10797
1209
90
2257
1948
7355
3242
5057
3570
3251
75
1438
1281
82
824
10689
2025
1254
3252
3240
642
23
3261
3255
3282
764
203
1795
8616
2718
2398
932
8122
1052
3283
1601
295
3255
2717
8027
576
3270
2716
2052
5211
581
1559
1201
80
3270
3270
1003
3535
2989
3293
3744
1133
2746
3287
3287
672
3291
178
1292
405
173
483
8295
3313
1250
4175
1894
8245
3301
3301
994
230
1927
3301
2644
3305
809
2745
1723
4179
5845
38
2257
3318
1461
3007
66
3318
1722
1408
5845
3323
691
557
371
10367
4366
2687
5249
658
2996
2338
1163
9002
1883
6690
3439
3343
1826
427
3352
829
1311
3332
3364
2211
24
3348
2183
1949
3352
3348
995
646
3210
295
2620
1878
7814
1861
3367
2138
1583
1010
3355
5964
733
3376
4089
4097
3382
3382
295
936
3384
1213
3381
5861
5861
1331
225
5861
1030
1282
3385
2755
4709
1290
1290
512
152
8026
6036
6143
1648
3411
7451
3406
5891
1708
710
3405
1175
3405
2457
1980
3720
8621
658
5199
54
6201
157
3415
796
30
328
1628
66
3428
3429
89
3428
3427
179
3427
3427
7377
3427
63
6127
0
3428
953
10014
3221
3448
221
3444
3383
8846
2180
417
1866
5352
2930
1187
52
4772
1058
3480
1052
3458
3458
7025
1715
3458
3458
120
7025
3458
3458
3458
778
1524
3470
3458
328
3470
1351
2213
829
3484
868
3464
5196
1192
3009
990
2861
769
7097
4582
1235
1493
6168
221
3496
3503
221
2908
3491
150
96
3495
3492
267
5005
6119
3515
3507
3516
1762
691
1893
83
3508
6320
3514
1595
3526
3522
3522
1949
3339
1512
5838
199
5405
55
519
1582
557
3533
2487
3530
581
1199
3439
292
8939
6326
3541
3539
59
9660
993
3554
1107
3554
1118
2180
3547
3547
1048
5450
2525
423
10089
3550
398
915
8779
1977
6903
2131
241
3561
10442
2143
3569
3669
3568
3570
395
1372
28
3572
3570
3571
1057
95
1401
6445
10472
3582
2111
2211
784
1695
3013
1923
1201
59
6313
3595
1250
3601
3595
201
3595
3601
2225
9620
1260
127
7059
4031
3451
6432
8125
8958
1418
3609
3616
120
1852
4105
3625
10757
9305
1163
2143
3616
3621
3616
3623
3618
3035
10922
5817
78
1828
3077
641
10444
221
10677
3641
3636
3641
180
2336
3643
3894
6101
3636
3636
295
1006
3557
3648
3648
715
1280
3829
756
330
2060
3648
1664
884
953
5103
5229
1949
5371
6003
9790
7570
3665
7570
1213
7741
4752
1559
3682
3130
3254
3682
221
3674
63
3674
3684
3883
9965
1369
3674
3674
39
6215
7419
5462
3690
7655
2084
552
1986
190
3699
3694
3698
3634
6372
885
5212
3704
687
101
243
2687
4970
3985
2547
3720
3720
1696
2981
920
278
3720
2687
10400
6170
10745
2687
4542
9088
2331
3730
4096
3737
1434
5521
1309
2680
450
3737
3754
4600
3756
3737
3337
3737
4865
976
3737
3737
975
7222
3737
2338
3737
528
693
3763
3720
4336
3729
16
168
6247
3754
2550
3739
3669
2706
666
5
4484
3720
3720
1119
3771
3785
4861
3773
1433
3802
3271
3773
2338
161
3773
5248
3439
49
3773
4802
3804
3788
1052
3788
658
71
3788
773
3788
3788
437
3788
3798
9701
977
2314
3094
63
577
210
115
5382
3816
4249
3810
2191
835
2170
3822
4089
167
5132
1614
3810
3709
654
7993
3137
3836
2578
3839
1296
5129
1187
221
269
3828
1841
3825
3828
3828
3826
3826
1976
2314
110
2314
2019
3010
8738
3847
1704
7382
1866
5973
1438
3857
190
3854
8478
3854
3861
532
3862
9818
979
531
3866
3867
7609
765
6632
9003
3873
3871
4976
10441
7795
1536
3876
3877
1249
127
5440
3877
1251
440
8691
1287
3715
602
9383
7268
2610
3895
320
241
3896
8446
4182
4136
331
20
129
3904
10980
3910
9657
10068
1263
7666
3902
3895
8491
3911
3439
3916
6815
3920
3172
657
81
3922
95
3915
1253
3939
751
3938
314
3926
1251
3926
3926
3926
5138
691
398
3932
3926
3924
10898
3207
3940
3941
3942
1164
3943
1302
777
6450
3948
3951
3972
10046
395
1270
2079
602
7055
9002
3964
3178
6091
10228
3174
3972
3966
3970
912
1235
3309
3972
3970
1598
10383
1005
2548
10815
3976
3153
10400
1290
3986
3983
3995
3981
3983
3995
4798
3994
1334
3981
3981
3986
3983
3981
4004
910
1000
13
354
5798
4002
4005
4005
1420
639
298
158
4009
1899
4566
93
3159
3111
453
4017
1468
392
4017
4017
4017
1856
914
4024
4754
127
5371
3655
6605
2529
80
3235
9949
4031
8108
8663
2371
4038
7671
4837
4038
4037
2981
4072
2572
127
754
173
4051
881
2274
4042
3815
686
7430
2608
10436
3629
4057
4061
4059
4064
4061
173
4067
4061
751
3009
4077
4077
4069
2996
80
1106
4077
19
568
4071
116
7974
2541
9671
6329
2178
9148
128
1199
4084
2117
2338
2324
1622
546
3663
3688
6819
7677
993
296
410
8212
2145
4642
4101
1405
642
5204
10532
221
4111
4109
10824
440
4115
2156
9932
4118
4116
5371
8759
1565
2471
4127
4125
4121
4122
4749
3678
5695
3038
4037
8603
1178
2529
2515
2720
406
4140
1719
96
4134
4140
5405
3454
1535
155
4460
2318
837
997
2109
2317
4155
7413
2374
4376
2432
4152
993
4152
4152
3587
1218
10177
3707
210
58
8618
1417
10459
1157
1253
3548
4177
700
1235
2535
8025
1255
9782
70
368
6307
1601
4188
6452
6985
831
4189
2498
28
4188
4184
477
221
4184
4184
4200
116
4197
10235
6270
4199
8320
4209
80
616
1335
812
4203
8663
2812
6560
4302
2818
4457
4218
4218
4213
8404
4227
535
4226
4220
4220
4227
4212
4226
2965
7118
4229
1107
4170
4246
1193
237
2649
3783
5545
7666
77
4233
4233
4233
7566
4864
4236
4242
92
23
10420
4259
4251
1496
6297
381
4250
4260
1769
4256
4259
360
4265
440
504
4267
10047
4277
2088
4273
1104
1486
4269
3877
4272
2626
4282
6387
1856
1877
4281
4276
10869
4281
2006
4281
124
4276
5484
3254
985
5799
331
7401
586
2923
8776
732
827
4302
31
3642
4295
3997
4796
6879
1072
4392
77
4310
9549
1170
135
577
4309
994
1330
1044
250
547
5050
10667
1997
4335
5337
7146
4323
66
4323
552
2834
1129
1024
183
4335
1299
2338
1107
10952
4341
2257
4338
304
5902
183
41
2153
8185
4349
4350
159
4354
6761
9783
4158
6023
4358
5711
4359
1339
4270
4358
3439
4358
1342
873
1330
2337
4270
2523
8034
4370
4370
4371
3846
1000
4669
7012
649
4382
2680
4289
4383
4385
4382
3361
583
2969
2769
7570
4391
1829
1516
4390
2770
4390
6905
834
15
942
5964
5575
972
4401
4403
5001
4403
8592
582
4410
3473
4412
4414
841
6865
1926
1197
5449
2314
238
562
2940
773
4421
975
1420
445
899
3069
3069
5476
6195
9550
7997
3534
4167
9189
4433
4433
764
4433
3097
440
2501
4446
4444
4443
3078
4434
4444
5714
4444
2206
4444
4444
3102
5129
3572
2051
10404
434
4458
1883
4637
4461
74
3189
4464
4464
6590
4475
4477
243
1359
6
4471
7098
8421
4511
6130
4485
4480
4420
2955
1866
4511
1804
63
185
4485
9752
4485
4487
584
2170
8625
1385
7491
9207
4105
2289
621
4514
78
4511
1400
4502
423
7567
3006
4511
4502
729
6158
5267
5131
8418
10788
1254
1162
4521
3434
724
338
3611
688
1136
2172
4487
1162
809
4528
3553
4531
1384
4534
1316
5476
1157
1148
997
809
476
4372
337
1830
4547
6594
586
128
4589
2469
4553
4554
1072
179
116
156
933
9903
1157
4565
2955
4561
10511
10545
3842
1889
9789
8597
3747
36
4575
4575
4573
6054
4578
5131
4577
4576
4576
993
4270
703
4576
4576
5154
3864
4585
267
560
5468
3112
12
221
4599
9978
889
4596
4596
1850
1922
284
3324
17
4596
4596
885
4609
8362
405
120
2170
4608
4608
3929
4617
4608
4617
7871
3281
221
4883
8663
4629
4624
4624
6343
4626
148
674
7671
4626
5846
4629
4318
4635
328
604
4681
3441
4643
135
8361
7441
4657
9049
4650
1254
2000
4652
1182
4656
4679
8406
30
9003
4650
10608
4670
2896
10540
4661
4672
981
2642
4661
3843
127
5845
4661
1705
5169
1532
120
6203
1722
4745
2883
4676
9950
338
4687
4757
9266
1130
5237
4684
4690
3845
4687
447
1164
4915
2642
4691
4702
4703
4702
314
4698
8125
4697
2502
3535
135
4923
4718
4768
10398
1334
1635
1488
4786
4718
5975
4714
1791
1533
4707
2618
8778
4310
4728
4723
2678
4723
10392
4722
27
4731
4746
1474
787
4749
622
30
4739
642
4743
1717
4739
4743
4731
278
3741
4749
4731
4731
1721
4760
4582
405
4622
4368
236
4769
7012
4755
3057
4768
4769
4750
642
4771
4756
6151
976
8157
4771
1565
4750
82
4775
2064
4774
4561
10044
5521
4187
3905
4782
10292
4784
1475
9785
1769
3879
9526
3308
536
458
1174
1501
2387
10873
6607
9785
4581
59
4805
4805
6435
692
8988
5016
5650
2589
4587
4811
1000
4806
3105
2622
87
4822
5158
4829
7539
284
4816
5814
4820
4820
91
4820
4825
4820
80
2185
4418
4823
7199
4840
1195
9383
1156
1608
1559
1302
2188
4207
4843
10622
4848
4842
190
682
4850
4848
4843
4849
8660
8554
4852
1594
1302
8059
2703
4857
3258
2230
3855
1000
2338
531
4794
517
6915
4868
2341
4875
4736
106
7785
4870
4877
4610
4876
2041
4876
4882
4888
23
4889
4650
4881
4881
1934
952
10216
8747
4889
4896
4893
255
4904
6737
4893
4893
6137
10227
4899
5144
1761
3894
2897
2071
694
2896
6168
2436
3956
507
4198
3542
620
406
4681
1052
12
1253
4752
1501
1073
6625
6618
2324
4931
4931
2464
8455
4935
4249
5353
4937
482
4934
696
4937
5331
761
4940
427
995
6235
4947
5176
4946
1868
133
3011
2479
10531
2738
1682
3677
1116
6607
4964
9318
80
946
469
6895
1683
9783
3565
6015
885
1351
10160
2178
2283
2699
4973
958
7486
154
601
4993
4980
4980
9810
3273
575
749
1486
3678
4994
561
4980
4980
4994
10742
3337
3106
4999
7025
5000
3916
216
8872
10159
3434
360
5002
440
5014
435
5015
2792
9032
861
7626
5008
5010
4344
5017
6086
5032
5020
2304
3437
1382
6256
1427
829
910
2655
4388
892
5461
9452
249
6258
10108
5039
5037
5033
5405
5044
5153
4161
5045
5043
10110
8768
2354
3823
5047
127
1579
1995
5055
2240
1944
261
3210
6353
5059
9071
5064
6717
3193
7282
1005
213
2599
1820
7515
1804
5073
3447
5077
2783
2059
5073
5080
5961
5079
5080
5086
5082
5082
5082
8851
5082
4100
819
10482
6444
5067
5082
34
501
455
797
5102
5107
5107
5098
234
10113
2670
5107
9633
5098
5109
9768
5108
5108
6023
838
1429
6199
8852
25
588
5524
9731
7743
6307
5120
5120
4415
2893
1048
1043
5169
5134
2955
1052
1491
8967
5134
6525
5135
350
5142
2970
5143
5141
2466
3094
4278
651
932
5151
5151
2060
4867
5151
90
5155
360
5154
205
1518
199
7377
5160
5161
5161
5163
5163
911
5174
128
80
5167
5170
5167
4745
5173
559
5173
5181
9905
4958
1559
5178
1530
5188
5183
5577
4006
5188
9567
5190
5172
8906
2080
6207
240
2073
128
4949
9959
2027
6168
8617
5130
606
5202
5902
3658
2280
672
7676
1282
4047
5216
1366
5216
3432
5208
1254
5214
2866
5221
9513
5221
7638
7638
6525
5566
399
6012
5228
706
5226
7052
4175
5233
5234
5234
5234
432
4697
5368
1564
5240
5242
9925
2939
10051
4263
10110
955
8036
5247
5254
5254
8214
5259
3281
991
6442
6729
3200
3715
5265
5262
8862
5266
5272
6674
5263
302
5269
5025
5269
5275
5273
6479
5275
4895
688
3798
1676
1004
1330
1227
456
10171
5288
5286
5285
5286
4658
868
6237
5286
1420
5156
334
5300
671
2861
5299
10373
10321
5026
1047
6168
4253
1252
9318
5311
2846
5315
2715
10787
9565
5313
12
5311
975
7141
5323
5320
1496
7475
5322
1295
2786
47
5332
4487
5332
1665
5329
4283
6707
5334
5335
1418
562
5343
5344
5343
5340
5340
8131
9727
5345
5348
10691
8610
5348
5348
426
5348
6369
2914
5357
5374
54
4697
5357
1794
3587
5357
5365
5366
9586
8824
8386
723
5368
1474
5096
3089
4277
5392
1089
971
4218
5375
426
6527
942
5375
5375
5386
4431
5385
5385
116
2018
5385
5385
1231
536
7569
1127
5398
6061
6367
9320
4729
2325
9372
10110
642
10285
5414
9555
9783
298
5407
190
2211
1094
1359
1865
5407
5407
5407
5407
618
3271
5407
9432
83
5428
1253
5431
3629
6432
5432
10986
2786
10642
3562
5437
5443
1080
8129
5436
1051
5437
4839
5445
3137
5444
3149
9615
3881
14
673
5620
251
5449
7339
10688
5455
5457
9838
4627
1424
764
242
413
2595
557
8
4910
5470
5473
5473
1376
5539
5471
3397
287
769
42
3864
9488
6328
1182
8671
801
5487
2457
5488
5835
2818
7792
1254
5509
5507
10555
5496
5509
5496
5496
5496
706
5496
269
5499
7772
5610
5496
5496
465
5494
5499
10374
1343
1293
2776
5518
5518
7985
5517
8075
1831
8123
1883
921
2185
10777
10713
6835
5527
2059
4404
5537
5531
397
2108
1397
4218
5536
5537
5543
203
4162
4695
5542
816
750
3111
5548
908
10441
1303
5566
3925
1594
10307
5551
5551
5563
2806
5557
5557
904
5557
5546
5557
10047
5557
1477
1163
2926
2490
6165
5052
5317
1599
1885
10127
1400
284
5581
2715
5585
2131
10228
5612
5584
5588
5581
5587
4505
2841
3753
9789
5595
6820
5594
5597
5603
5597
5596
5603
5602
5597
5043
5584
5604
5604
10404
122
5605
3261
5605
4950
5604
5604
5604
4736
5605
5604
5604
2841
5483
5443
10327
3553
5622
679
513
8016
5634
5622
5622
5626
5849
5622
1397
2015
3131
7370
4677
10779
955
5641
4297
6883
5646
5325
10159
1937
2241
1894
5655
395
1769
5651
806
5742
9070
3811
2509
10770
1302
1677
10967
5682
1565
655
552
5689
5682
5668
4883
6438
1565
2752
5666
5682
751
2101
1516
1933
2010
2112
8955
5671
5684
286
5653
5684
3126
5668
1696
5702
5688
10113
2210
5688
1350
5688
1894
5688
5688
5688
288
10308
287
2337
6850
5714
5714
5707
3296
1477
4729
5707
1410
5717
4996
3962
4225
1000
337
2868
2195
5719
5719
314
5719
6340
9162
687
5729
1619
7222
5732
560
5739
2015
7038
4568
146
6046
4289
1852
6609
5749
3326
5746
3304
5747
1850
5749
3929
1617
5749
5749
2019
9400
1087
2558
6871
2499
6841
10404
7202
1285
1341
5960
5767
5767
5363
3263
2492
5747
266
476
5778
5780
4393
4883
1170
5787
5785
5782
3362
7320
5782
5782
5795
449
10233
5788
188
2315
5781
5796
1154
7012
26
10263
460
7561
5801
5802
1807
3329
5813
5806
1507
2374
950
5492
2762
2363
1005
3260
8354
5821
1630
5817
5180
5820
5817
1168
9776
9776
29
2094
1792
4102
5836
5836
3445
5836
5836
3901
5835
4544
5840
693
9722
10820
9782
6232
1713
1722
995
8411
5847
4482
179
6031
9989
5852
841
604
5852
5852
8478
133
5861
3369
5860
5860
2665
1160
2652
7133
900
5866
5882
4312
3250
5869
1774
5869
633
7005
5873
3463
2037
8035
5878
6195
5882
5870
3795
74
5870
1924
5884
3575
3752
4312
5882
1784
7963
5870
1907
5901
1221
5948
588
5904
5905
10437
5951
1159
5144
893
863
5906
5946
5917
5940
5918
5915
932
5943
5947
2316
6646
5915
5928
5939
2986
2878
2627
5943
5928
10404
534
1311
150
9396
5915
590
8197
4689
5914
4903
5940
2211
5940
1193
3523
5914
5914
6577
5906
5941
5928
5951
9976
1894
7644
5961
7650
5956
10958
3326
5960
1404
3762
1178
1054
2582
8811
10404
5970
10496
5969
5971
7772
2505
246
299
5978
5980
7603
3446
776
5981
5981
5981
5981
5981
5991
8123
4367
10374
5989
410
992
7460
4456
773
8850
3256
6000
5998
690
50
5998
3806
554
8869
6008
6006
938
3052
3268
347
837
3728
6014
9787
3307
6017
1157
6017
6019
994
1024
4332
1906
6649
6028
6031
6028
1407
6022
1502
10481
6035
648
4389
10066
744
1342
559
6042
8865
4277
4713
2728
5583
5386
6047
3611
6053
6050
6857
6049
9785
1235
6168
6217
1299
6784
4672
3281
1665
8469
3354
5019
249
10091
840
6070
1414
6072
8863
6072
3880
6073
2621
4718
2071
6606
6081
5848
355
1795
963
6157
7552
1611
6707
2372
6089
3744
1362
6090
240
6093
6099
6119
5814
6100
2945
979
6100
7059
6106
3013
9841
1285
6104
6119
976
6119
6111
6112
6116
6111
3765
6152
4544
6114
6168
2041
1262
6122
871
10064
6129
814
6129
1294
3098
4250
1157
1256
3302
1136
6110
2786
5452
1211
6141
6142
3323
51
3765
6147
6144
6146
9118
8407
6151
8407
4270
2958
2910
8674
6065
1400
4261
444
5724
602
7216
6625
4457
6137
9651
7121
522
12
1972
6648
5261
6174
5538
2471
6173
26
3731
6178
2072
3215
4158
810
4026
3711
6193
2169
24
6215
6189
6198
6191
6237
2672
6976
582
6191
6202
6191
6198
4442
2691
2786
1331
2618
6205
6976
398
216
6976
6199
1024
931
4479
53
6217
6218
6222
6223
6215
6975
6220
2000
1873
6975
2488
6225
7572
173
6229
4966
8847
10083
6127
2720
1632
1104
6749
3589
6238
4289
6249
8818
7041
4202
6245
7343
3760
1407
6252
9773
6251
6252
13
977
2255
6830
783
6260
5390
10113
6269
6269
6266
243
6271
6264
6264
6264
2200
4998
2005
6237
5416
869
955
157
95
1904
4570
3996
1398
2939
3973
6279
6287
7460
10159
9680
3149
6292
6990
5629
2223
8281
5666
5338
7562
6301
6299
2039
6299
8554
3811
6304
2678
3842
6999
1905
3327
1164
1357
6307
6993
6318
2076
3798
6321
6318
5169
5318
1168
10307
4418
10452
6323
6333
6327
1597
5165
5668
3380
6338
5003
6336
5954
5954
6335
10395
3503
2206
6333
1769
816
6349
2311
330
5423
9940
109
6354
3709
6151
7702
7355
6221
6324
53
831
963
5110
6360
4013
10833
1334
8299
1332
8421
9790
4135
3803
1326
3703
4008
6362
6375
179
6389
10066
8267
6378
6389
6379
6382
4182
9372
4261
2720
6390
4805
6243
331
530
6337
6924
7760
2339
10110
6400
1609
6404
3958
6404
5222
23
8195
6401
1087
3801
1444
10159
116
331
6415
6421
9565
6418
2430
6417
1770
6420
1921
8991
2087
3689
7995
6424
1182
1437
7812
6430
1372
367
2466
1371
32
288
2955
3223
9061
2314
1136
6451
6451
6379
6379
7446
6451
6451
6451
6445
342
6471
6458
5159
10741
6460
3055
-1
6454
1108
1185
4797
6471
6471
6465
6464
4167
706
4474
6454
6480
3280
4538
1280
5733
1560
8663
310
6479
9049
6472
6482
6476
6482
6478
3932
1047
4767
4715
6499
6497
6491
5066
980
4146
6494
6492
6498
6504
6504
6504
3308
6503
6036
488
1692
6511
6511
5211
6510
3670
5046
4977
338
3374
2729
6514
6518
3749
7506
1446
6280
4459
157
3535
6535
6527
6527
6527
6259
26
9789
8778
6534
3451
4864
2255
793
9049
6273
8206
748
6543
814
4565
6546
3136
10678
1229
6066
8886
1194
6553
6159
378
6559
6559
3561
7240
2668
8770
688
3188
4410
6742
4097
6573
6568
6569
10935
6571
6536
3967
1519
4582
3592
3439
5616
2707
6147
4379
6582
2120
6584
6584
27
8284
2964
5656
8138
819
9774
9867
6594
4960
15
1566
1005
6608
2372
7938
9281
422
642
9508
4793
6603
6603
6611
10968
6614
1420
1875
3759
4336
1033
1266
6307
9820
6620
6623
8752
3360
1797
6630
6626
6626
3104
1847
6633
6631
5218
4869
6637
5810
6640
6307
2037
2402
6642
6307
6641
4830
6641
417
6307
6655
941
6651
6442
4965
9790
5512
6650
6655
646
1420
7451
5505
6659
36
8147
2027
6660
6660
1596
10382
1564
6666
6660
8748
10590
6237
6777
6683
204
6676
9326
6681
6683
6992
6675
2717
6686
332
952
6697
9844
3014
6689
856
6691
6691
6697
6695
6691
6708
6048
6705
1449
878
3571
9594
6701
1086
911
4261
2169
7909
5810
9070
8903
866
149
5954
691
6720
7843
6719
6700
6723
10753
4642
6722
6722
6729
1567
3295
1157
5612
6731
6732
1279
8921
496
1594
85
6743
5735
6743
4709
6740
55
6747
6747
3605
5102
954
2969
548
7644
1457
2172
6753
9257
6759
9650
6758
8366
45
116
1230
5346
1622
7253
6769
57
6766
10400
6774
3546
1428
2827
7704
2592
1992
6774
6774
8126
1056
3489
6785
6783
6786
4058
6783
819
6795
6789
6789
4167
2156
6789
6792
6800
6801
6804
6805
6417
6796
127
5846
6799
6796
4710
10
3778
6811
6809
6808
1924
6808
6806
1878
10511
6819
6819
5086
183
3036
673
4755
6825
6826
6503
6750
6376
6828
2862
98
6830
10507
10812
3589
6837
9993
1212
8875
512
812
6843
2012
5197
6846
6847
2337
3707
4799
2776
60
6853
6851
7332
3676
6018
1235
6856
9789
6858
8711
2009
6273
9701
6867
6868
3023
6865
4662
10724
6874
10693
232
2379
6881
6881
6881
3971
660
6881
6871
2136
6254
4868
9630
2036
6888
6902
6893
905
773
1643
6887
28
1965
3511
2370
4582
6999
10183
6893
4071
10404
3907
3461
6908
2546
6907
6908
6908
9173
2298
6912
2372
10009
4532
4484
6917
2178
6922
5827
6924
6922
7111
10087
6927
8074
837
6927
6927
9196
6931
6931
5382
6932
3657
2618
10120
1672
6941
10384
7021
282
6945
1192
761
6944
6950
2558
6951
5470
6953
6948
9357
5799
3354
6201
4528
6958
6961
615
5721
8898
524
6970
7715
1753
6970
6970
10626
9555
6977
6977
2273
6206
6975
6974
4306
1157
6983
941
911
9294
1933
3984
6983
6983
6992
2792
2206
6324
10511
10511
1632
6007
6998
901
3736
4708
5227
1900
5282
5282
516
4672
7008
27
7009
7351
7009
9609
14
509
7016
3439
4377
684
7017
7022
7022
9565
7029
7028
886
621
7023
7023
1561
7023
6597
10203
9338
2254
7037
7039
7035
273
769
7034
1496
7024
8066
7049
7043
261
7049
7046
7049
7042
3323
6567
9974
1682
7051
7057
7051
7056
6317
905
7066
6647
7063
7066
7066
7064
2294
3229
8381
7068
7069
7072
8477
7071
1361
872
9071
2377
7077
1926
8534
5001
7087
2642
7081
7084
7087
7084
201
4513
8850
247
7093
1532
7089
7089
4156
4467
2702
7097
7097
7100
7108
7102
3245
7102
3260
2338
7110
7277
7111
3245
7114
3134
7115
5426
5281
7116
814
3590
7121
7119
5764
8710
8709
1045
6709
7126
7127
7130
8836
1094
3842
3483
3842
4067
2229
7136
7136
7138
4961
977
8411
7144
2317
4078
6241
3709
4357
5842
3246
7429
7155
7152
2883
2181
908
4422
8346
2062
7242
8408
7163
7161
7163
1984
7171
2670
2672
2720
2100
7167
6307
1667
7182
1863
4627
6545
7174
8231
4368
6862
4074
325
989
5122
7187
1140
7196
7192
40
3300
7188
7196
9147
7193
7223
7199
7199
7201
4856
6313
4603
7204
7205
7186
1230
371
1747
4767
7209
4473
6629
4374
276
6285
7215
4385
7220
7218
7217
8566
5352
7412
4800
207
3744
979
3490
7231
7231
6512
7231
7301
8611
7237
4986
7229
7241
3782
6770
7240
1005
7241
4590
7244
2261
7245
7251
7248
7248
7240
6186
95
7257
2312
6186
7256
7257
1197
7262
4990
7261
7265
4921
7266
935
2910
5227
10474
4397
7269
7271
1187
3445
4918
5850
3475
2914
7280
8238
5463
3682
7282
2966
1739
7287
7566
7286
7286
9781
7636
2869
7291
4401
7296
9715
5710
3006
8275
5588
2398
642
7304
7300
7309
7307
7308
10300
7306
7312
4231
7313
10213
7316
9616
7315
7318
2660
2920
7321
7323
5351
10206
946
7321
7321
10374
5706
7332
410
7328
7328
4546
272
4344
7343
6637
4399
4055
7345
6932
7336
4706
7346
7344
10476
2879
7350
7348
2522
7352
9236
3577
7356
6082
10957
7354
338
7354
7354
6426
10688
7385
7369
8292
3270
7365
7367
7367
2308
3702
9049
168
7385
763
7375
5127
4140
4013
90
2701
5160
7363
7383
7379
7379
7389
7135
7393
9600
717
7389
4883
7389
1397
6992
7398
7403
7398
7784
10513
1880
7402
7403
7403
1364
7406
10513
2030
7659
7412
977
10513
10513
2015
6249
10513
3143
2821
8835
1332
7426
157
1461
7426
9314
278
1090
5025
782
10066
3636
7301
2119
10373
8775
7439
1463
7438
10571
7440
1391
7444
7446
3271
9073
10929
4284
3032
7449
6193
4013
490
6125
7456
7457
7467
7465
7457
186
7457
7458
7457
7457
10376
7457
7458
4332
1005
9058
7744
7474
3020
7477
4366
7472
8926
7495
3107
10432
7482
6773
7482
2360
2649
4732
1894
7483
3889
5887
4752
4756
7494
4592
8849
2719
10069
10531
10006
5455
203
9118
7502
7503
7504
7347
7506
853
3913
7512
7510
7509
4128
7509
6169
7517
5908
9361
4609
7518
7520
6284
1426
74
2270
3438
7528
7318
534
7532
2019
1593
1830
7530
6143
4163
4175
7541
2471
10715
9737
921
7538
7538
8749
4234
1999
4418
8605
8990
4540
531
7550
8814
10326
7553
1532
4178
1887
168
8809
346
5895
524
9370
1630
395
10459
9576
80
7305
1583
440
993
8102
7575
7582
7582
7578
7578
7578
7576
7584
4583
7583
199
4838
7271
7445
3351
7564
7593
7589
4270
7598
9790
7598
2040
10819
512
10372
2318
742
42
849
2413
7606
871
7612
5295
7043
7610
9363
6061
2702
10366
7622
7617
7622
1717
7238
7621
7628
8205
3644
2308
7623
7629
7624
7635
7630
7636
7630
7632
5438
7630
10965
5225
7640
7642
7005
2722
8427
7639
1807
7084
3212
2645
974
6712
7660
7651
7654
7655
7648
7657
4964
997
4156
7654
8175
3441
5895
7666
7666
4129
7655
7669
7667
5154
4603
7682
6712
2948
7679
5213
4158
7682
4797
8995
7678
7675
2647
2916
1865
7688
338
8576
7690
7691
7688
3820
7692
7693
103
6607
7711
5283
3120
190
7697
7711
2426
141
985
7703
7703
210
7703
7703
7707
3346
2718
5650
6283
1865
9402
6665
440
7727
7727
7721
7724
7727
7724
7724
1177
7752
8745
9783
5282
8680
232
6620
2608
3820
7683
7737
7738
7742
7738
7739
858
8683
458
7762
2911
7750
3327
8832
4958
7755
7748
7755
2356
2687
7443
7733
7761
1337
3509
2272
10765
6599
9783
7767
5725
9423
7770
7958
6773
957
7776
7776
4050
7775
1885
3380
7782
879
9383
2811
5720
923
6265
9555
973
9592
4863
4325
7792
3638
6193
9974
2291
7791
3398
5589
3033
4730
7800
7647
3697
7812
7804
3085
7804
7804
7804
2195
7804
7802
5753
4154
6605
1298
2206
2095
440
7823
9278
7823
7821
5753
3425
2824
7826
7826
8844
2890
1166
5631
1531
7832
1716
4523
8788
947
907
4418
6780
5352
7845
3923
7844
7843
7843
10071
7843
7849
1087
9903
7855
7853
1854
7862
7862
7860
737
2629
7858
7858
4368
3899
7867
6468
8708
7865
8199
673
7884
7875
2645
7875
7883
7871
1655
7871
7875
7875
7875
4836
1988
7875
2291
9875
8779
3797
2116
368
9297
7903
9564
7903
7896
7902
7896
946
2097
7012
8151
5626
7896
1692
7908
7905
7905
5791
7914
7909
7912
7913
7909
7572
6232
9594
4603
8418
7912
7921
7924
7921
7922
10435
7921
7927
7932
7927
7930
7927
7927
8632
7938
7938
2427
7939
7939
5594
7938
6205
2966
4780
3503
7943
7940
7952
7943
7944
7944
7944
7949
7949
5815
7976
2164
1491
2741
2275
8657
7954
7954
85
6193
7980
7960
7962
2878
7960
7960
7960
7970
7970
7976
7973
6078
10550
7954
7954
1216
7954
8245
7783
1406
2746
963
1308
9114
963
261
8607
8000
4121
851
963
2578
1156
4035
963
963
7985
4077
8004
8002
2422
111
8002
8002
5154
8002
1520
5145
8013
4216
1038
8017
956
4055
3597
10672
5440
3846
1233
5018
8026
8026
10342
529
1789
8031
4272
8032
8033
5206
3246
602
2243
9805
8040
3378
8039
9569
8041
8041
9078
2955
8041
3708
8041
1655
8028
8054
8056
8055
8053
886
8054
470
3296
8054
4091
1621
1644
7570
4675
8064
3750
338
76
10877
13
112
8073
476
3107
223
8075
10743
7168
8076
8076
4433
3333
9700
8087
8084
8344
8086
238
6239
2272
8093
8091
8078
8097
5799
8094
10966
4442
541
6703
3933
701
8106
8106
8106
9618
1892
6517
6246
5129
8113
1459
9130
4240
1696
1235
8118
4919
4855
8118
932
4672
1777
8125
2675
4957
437
9095
2556
5312
8132
8130
8664
8133
8133
8063
8139
8137
7758
8143
5295
2509
10969
4916
5326
7098
1888
3673
5679
5258
8147
8151
95
8155
8152
8170
5975
8160
8158
4247
8163
8161
8166
8222
8163
4098
6840
8163
8170
8163
1574
7446
8177
8177
5713
1236
8175
8182
8182
8182
3107
8183
7622
2649
8189
10227
557
8189
8186
4356
8192
8195
8191
1932
4207
552
2059
6521
1256
8656
3882
8201
869
10374
3859
2786
2178
8252
5540
3124
8210
4583
809
949
8788
4237
8215
2313
8738
8219
8157
8219
8225
8223
9244
8223
5954
8223
2216
8223
3743
926
8234
3127
2902
3628
8236
7124
6022
9480
8240
1774
3616
3476
8722
8407
9956
8283
3697
8924
1344
8254
3734
8255
8259
4532
2113
7563
8256
8259
8260
2111
8260
3780
7339
8264
6537
6537
5989
1982
8275
2939
5407
968
285
4420
3494
4261
6113
4663
8283
3491
9271
2123
9271
3025
846
8286
8021
8289
3590
9338
8299
8299
6324
2230
8299
8299
8292
8304
8304
8304
501
352
8317
4611
8305
8315
8305
8305
8305
40
8308
8308
8305
1860
2863
8305
229
8314
8305
7480
8322
8325
10598
1612
8335
6712
399
8334
8334
8327
1375
8335
8326
5264
8341
8337
8337
8337
8249
1329
5932
8345
8348
2770
10618
8375
2896
8348
8375
8356
9961
7988
8157
963
963
8352
8352
4203
8429
3125
8352
8352
8352
4785
8364
8348
8352
7999
8353
2615
8365
963
8365
1765
8357
963
2981
6210
8384
8381
8663
8385
3230
5659
6991
8391
8391
8391
4164
3998
8342
8400
8400
8400
8400
4563
4563
1928
3303
8401
6899
8408
10932
994
6002
8405
599
9471
5228
8411
3958
6161
6336
10441
8830
1345
2817
7757
8420
1366
601
1793
8431
74
5305
8425
7423
8425
7914
8433
4073
8432
2002
3594
36
8440
8438
7817
8446
7756
6717
8447
8444
8442
8442
5513
8448
8451
8921
10442
581
1872
492
6495
8459
8457
9455
10344
8671
7873
6078
5049
2697
8464
5449
8469
2409
7936
23
9568
10565
8479
7596
7704
5382
6195
8476
483
1496
133
10934
8483
8482
10582
3149
3961
8488
496
618
4362
10044
8495
8497
1406
7739
8494
1859
2790
8502
10751
1083
8508
4094
8392
7073
8506
7799
570
8504
1952
95
7184
8518
8523
1966
7191
8516
8516
8515
8516
8515
8527
8527
8525
10616
6232
8533
8533
4710
8533
8528
9362
1241
8545
8540
3177
5494
8545
527
8538
7882
10607
8542
6557
8549
8549
8540
3582
10834
966
8557
4587
8553
8553
10834
3138
6259
340
5680
5184
8564
6655
8563
3391
8569
806
8391
8567
8572
2045
1028
1226
30
6515
10542
8579
8204
6949
8473
672
8586
8586
4710
6947
8592
8027
8592
8592
8592
7679
6463
8595
8596
8304
4859
8597
8600
6739
2451
8784
5501
8515
10891
678
8616
8611
1892
5656
8612
8295
8614
1396
9507
2978
8619
1005
8227
8617
8623
8623
1663
2784
8626
8627
3485
2642
10229
1104
8639
8639
8636
8633
9273
8631
2897
8639
8640
5532
4157
8643
8641
8645
10127
4328
8650
8650
8650
8646
8652
9730
5650
8653
2923
9818
4808
7536
9032
2663
8660
2784
7209
8663
1952
4167
8964
8667
8667
8667
6237
6469
8672
5382
8672
5545
8678
8676
4853
8682
1643
8684
8682
3245
6505
8687
4497
4922
855
1428
1310
741
1925
6848
982
8697
3974
987
208
1062
6675
1643
5459
1486
97
2522
8199
231
703
5474
6186
8715
2973
1290
8710
8712
8816
8719
8717
426
2529
903
2797
8506
8724
8727
8725
4256
2441
7526
1798
496
9397
8733
8734
1637
7148
8737
8740
10376
8744
8601
8744
8742
8744
7149
207
7551
15
3685
2904
8751
10583
8199
6662
606
8758
3213
8757
955
2678
2678
2678
3046
2233
2050
2043
5046
10442
8768
8770
8770
8058
9609
8770
1582
2221
959
1282
1296
8778
8766
4215
9195
5224
2145
10849
5489
8788
1641
8793
8793
8790
8580
10672
8794
10621
2285
6144
3153
159
2648
3632
8405
3599
8807
8805
8807
4883
4508
8816
8811
2162
4797
8811
5104
10434
1498
4117
9548
4975
2054
7715
409
2957
3504
4796
3333
8140
8835
8830
8830
8830
8830
5057
8830
8833
8830
10629
5450
8830
9314
3466
7010
8846
9089
8851
8849
8847
8847
1498
8850
7926
8847
7666
1941
5797
8863
8858
4366
8858
7616
5797
8867
9032
8867
8865
1200
3360
10404
8873
1821
8874
8872
6249
2513
8878
3552
8877
8879
8879
8879
9821
9211
8875
102
8886
8887
10554
8893
8892
8893
10411
6206
1096
1235
4265
8899
8938
8901
5107
4362
8904
6587
8903
5139
8908
2511
8195
8912
8912
10737
4742
2480
8923
8923
8923
7093
8920
8923
8942
8923
8913
2231
4466
8932
8942
8926
8926
8926
3669
10535
8946
6350
8933
8933
8933
8933
8933
8933
8933
8931
8933
10397
8941
8932
8932
8932
8952
8217
10251
7157
2966
3500
9417
8955
8959
7486
9000
8150
9032
4337
5041
1127
8964
6490
8969
5760
758
7920
8970
8970
8970
8970
8970
2881
973
3028
2784
8983
8983
8983
3435
23
8986
8983
9205
9972
4797
8346
4004
6865
837
8732
5213
2563
986
3147
3688
6313
5214
4368
9008
5472
2784
9003
5267
8167
9012
9012
9012
5104
9016
9017
9013
9014
7494
6862
9021
2997
4215
4709
9026
9023
9023
2372
760
1258
4538
1178
5412
4167
1390
9033
199
8668
9038
6294
6619
7967
9030
7682
9045
9046
7170
9043
5261
1122
7774
9061
5439
1890
3142
10159
9058
1370
1140
9062
9058
9058
5046
9061
9061
9061
9062
9067
5014
4415
6596
9085
9085
1466
4089
2349
9077
1337
9074
9070
5329
9079
9084
8288
9084
9082
8206
3857
9086
4500
1888
5165
9090
180
9096
930
3729
9092
9098
9078
9098
10556
1852
3664
7460
5901
9104
9105
9105
9105
9784
1205
9110
9111
9111
9113
2676
6936
647
9120
1601
9121
6210
5990
9124
1425
7608
9125
9128
629
8613
9131
3162
9470
7896
5394
9738
9135
10092
9137
9137
9137
2619
7446
9142
9143
9143
5472
10193
1851
9148
4295
9150
4050
1362
9166
9165
9155
6422
8809
9155
9154
9155
5361
9155
9155
9154
9150
7165
9154
9154
1975
10442
9175
4265
9175
9173
1546
5637
9179
3908
9396
2072
9181
9182
20
9186
8713
9188
8662
4862
8984
8558
9195
1067
9195
9193
6367
9199
9197
5448
8778
9203
9201
9200
9206
9204
7083
2030
9204
9217
7083
9204
9204
9204
9096
9204
9217
9204
2512
623
760
6956
6164
9222
9223
9223
9223
9226
9223
9230
5125
9232
1616
1323
9239
9234
9234
9234
6698
10451
4821
9246
9246
9246
9243
9246
2142
4280
9247
9250
9251
9248
2531
9789
2593
9248
9248
4682
9259
851
9261
791
3332
814
10373
9266
7603
7382
9270
9268
10011
4767
9271
2272
2473
6221
1136
9322
3974
6288
7143
7542
1330
9284
9285
4050
9284
9292
2769
4366
6654
4229
9290
9299
1127
8437
9299
9974
9299
9295
1353
9300
493
8728
9302
9302
5308
269
1005
9310
8961
1292
9315
9866
2779
3544
2481
9319
3054
3643
5258
2716
8618
9324
8697
8923
9327
3974
9331
6255
900
9330
9331
554
9335
9336
3840
7230
3391
1673
1673
7074
3552
8618
5303
2556
4814
8618
5690
5666
7887
9350
9350
6590
9351
9350
9350
177
8791
9358
2221
8330
9361
4827
1242
9370
9364
9366
1636
9366
9366
6036
8618
977
2278
9376
9383
9376
5147
9376
9376
5463
9376
9127
9390
8618
9384
9384
9784
9384
9392
3937
4960
9384
9395
4354
5691
6435
1201
9684
9398
4981
9401
9400
6727
9410
9409
9406
3877
10107
9406
2047
1266
8476
9413
9421
6873
6214
6603
9415
9415
9413
3182
1513
7928
2255
1160
9431
10395
3974
1089
9433
9565
3624
9398
9437
9435
9438
9439
7505
8826
9400
9441
7426
4159
9446
9447
5719
9450
9448
2032
4089
947
291
1672
9454
5807
9461
9177
9460
9457
8528
280
2069
9466
9464
9469
9464
9470
10855
9467
4165
9471
9479
1244
3701
6029
7817
9479
9476
4092
9483
7520
9480
9485
1753
2999
7976
5913
8933
9488
5001
9495
9492
9492
9496
9490
9500
9500
6157
10234
6320
9504
9502
1310
6026
7596
51
1329
9511
9511
5703
1917
795
9516
4994
6771
9521
9519
947
7339
3197
9519
9518
1340
1685
5175
4788
4788
8663
9529
7926
9531
9531
6043
2789
3786
9538
5449
3214
5278
426
6177
917
9540
9544
9726
2991
2593
7677
9549
4611
8016
9554
935
9553
305
8125
8530
5900
9559
9559
9559
9815
9565
2689
9565
10954
2711
5322
4050
6243
2970
8100
10109
6224
1931
9575
6529
9578
9396
9578
9578
5233
7894
9592
3295
9592
9592
9588
8069
4944
9586
9592
7384
9767
9030
7200
9597
9597
1866
1086
9603
9604
8737
2832
10905
9606
4490
2147
9609
5347
9611
9778
9611
9614
9286
4970
5155
8667
9622
9622
9617
1290
9853
9632
6818
9631
1207
9632
9087
9632
3240
10055
9636
5139
7054
9634
9634
9640
9642
1452
9641
6358
9645
1601
9644
9851
9647
8399
9593
4153
5855
4509
9180
9656
9658
9790
7488
3290
8850
5730
9666
3798
1841
3927
9051
6505
9670
9670
1831
1504
9671
10162
391
9674
9674
9680
2777
4944
9679
10491
2471
10267
9683
7877
9685
6153
9687
9692
9689
5854
7221
9689
5033
4936
9540
9696
2143
2782
1235
4966
2408
9705
2465
9709
9709
9706
9704
9704
2728
8686
9714
2287
9711
9716
9717
4042
2710
9725
9719
9725
5819
7608
9721
9726
1326
10169
9727
9728
5288
9732
9729
2929
431
9733
2304
6152
7181
5250
3534
9742
3693
9744
9748
9744
905
6922
773
8132
9749
9750
9750
527
9756
5429
4821
2241
1715
4062
274
935
9759
5805
9763
9338
3568
3647
7796
2673
9771
4877
8623
2664
8584
4511
183
10047
8666
3672
9778
9778
9783
5571
9782
9784
10291
9790
9789
9790
6139
9789
2293
673
9797
1241
3017
1895
2323
9800
9797
4415
9797
3192
3491
9806
9807
6006
4851
9808
4994
3377
6989
10895
9815
9812
9367
7213
9812
1127
7989
4991
267
9821
9821
9257
3562
8953
4451
9830
9827
9303
10186
9834
7552
9851
9835
906
2254
10787
4583
9842
5872
9848
6101
1745
9844
5236
9846
9851
9849
5711
5478
8157
7521
1331
9499
80
1200
4604
7830
9859
3165
7957
9863
7787
2367
9868
10130
5367
8154
7539
9874
9875
9873
3374
1793
7348
8809
2350
9879
10786
9881
320
4180
1774
9887
7821
9889
9886
3062
558
1072
1337
1391
3381
936
9898
9895
2174
9130
8054
483
5718
9821
3792
1577
3439
6446
3812
2340
5901
210
10955
4965
5277
1008
8244
1347
8801
3003
4719
9923
9030
2457
9922
10066
7549
9930
9928
9927
8274
8129
4816
1036
339
1748
9939
9939
9935
759
1298
9946
9942
9942
9942
3261
1902
4865
4160
10204
6514
9623
6821
9953
7458
9596
9956
1193
7435
10758
7486
4649
374
9963
9963
9963
10404
6196
6906
2876
6558
455
4796
1342
3992
2255
9993
4603
28
6654
7760
9983
9975
5232
5159
1889
9990
2804
3709
9988
3818
4352
911
8235
4704
2798
4577
5726
1855
3453
4766
9029
10091
1993
10004
10007
10004
10004
4645
10017
10009
1701
10017
7893
10013
6266
10009
4463
8562
6470
3380
3581
3969
7141
331
7422
9943
8579
9876
10029
10029
2421
7292
10033
10037
1496
9599
7815
2369
1172
10040
2436
9026
6026
10047
10044
10046
10046
2830
10049
10828
10055
4175
10052
2417
10071
389
10071
10071
9206
10060
10060
10060
10065
4332
10064
10068
10066
10064
7072
10053
10070
4370
8875
10076
1184
8384
10079
6394
10694
6228
9798
4329
7618
10268
10087
876
9912
10090
10095
10090
10090
10090
10090
3429
3039
10096
1671
2826
532
8436
4236
3898
10103
10106
10107
1889
10100
7476
9695
10113
1013
10110
4270
5359
10115
10118
10115
9724
6277
926
3388
10122
10123
7214
10128
10128
1534
10128
2348
4134
442
10131
10131
10141
10137
10140
199
5659
10147
10136
8224
6518
9973
922
4106
10152
10152
10148
10148
10148
3487
9981
1439
10156
6748
1077
10263
6546
10159
10160
1605
10165
2322
4856
10163
5144
1985
10170
10171
1600
1156
6592
5019
10173
8325
10176
4339
10176
10182
6997
7942
1458
10180
10184
2259
5258
6855
10194
672
10189
10189
1056
8619
4673
10191
2438
10202
10200
147
7067
10199
1705
997
6193
3008
2011
9094
1796
10221
10210
10210
10209
10221
10214
10246
10214
10214
10214
10214
10209
10224
10222
3433
7491
4690
3542
7146
10232
10308
2546
10233
1419
4009
10242
10235
10235
10235
10235
2779
10249
10241
10235
10235
10235
7133
2511
7853
2996
287
10256
1941
10255
10253
10251
3705
10284
10257
10260
9847
8329
5268
8058
10266
6083
10262
915
365
5600
3739
10270
5610
10270
10270
10270
7064
10280
10277
5454
10283
4941
10283
10284
864
9121
10285
10285
10285
6442
1643
6687
8168
6643
2011
10296
8116
10295
3148
4807
10307
10300
10300
10307
10307
10307
10307
2376
1755
10314
10309
10309
2930
3145
3055
4102
10309
5354
10321
10318
8238
10320
897
817
1668
1402
7201
10330
10327
10327
8840
2870
10331
8088
10331
10338
1578
4096
10334
4039
10343
10609
5616
3757
4176
10344
207
7060
6682
10196
8954
6427
10351
10352
10352
4051
3137
8140
773
7929
7440
2656
10361
10361
8639
1818
7435
2986
936
7435
7435
7435
7435
7794
7435
555
10373
7082
9254
10377
785
5082
1485
1311
4541
10387
10385
10384
10385
4606
10385
3708
4863
6100
7938
436
5977
1696
2473
8944
2749
4709
10287
10402
4679
4486
1104
2382
10407
4270
6842
3097
2380
4732
7104
10414
10417
4984
10416
7167
5909
3841
10423
804
10426
10427
836
10424
1307
10430
9131
10432
10433
3791
10436
5789
5328
10434
6596
10125
8413
10442
4389
5019
5019
10448
10445
10446
4037
4192
10449
7451
4668
8779
5898
10458
1337
10458
10454
282
6147
125
10460
10460
9967
10466
145
10465
5774
10468
10473
10470
3245
10472
10476
1457
10475
2373
10479
5469
5299
10480
7955
1431
1578
8731
7980
10488
10485
1952
10492
10492
5606
650
5361
4202
5615
416
1613
4667
10501
10499
1579
8123
2786
10504
7372
5390
5530
7982
10512
364
8679
7409
10518
10518
10518
10518
7963
6802
6313
53
2540
6439
6761
5239
9616
10528
7834
378
10531
10529
10910
1420
4332
6341
10535
10541
10541
10541
1829
10540
5208
2180
8264
1490
4895
8891
10257
1096
4004
4011
8479
9210
4997
1152
9941
4651
10559
5945
5284
2485
8888
5819
6010
5834
2011
10566
10570
10568
5069
5515
7386
8232
595
8119
6628
9080
7430
4079
9591
9018
1201
686
4723
5275
603
1789
8492
7989
5740
7089
2521
10605
10603
10241
10601
10594
10605
10605
536
10593
10593
10593
10593
7984
3575
981
5127
8802
7213
5368
9092
10614
10612
2319
4040
3281
2955
3401
10627
5477
4357
10627
259
10623
10619
10619
4223
256
10634
10630
10630
10630
8270
10630
2993
9677
9111
3678
6292
10640
6620
8411
10137
1764
5414
3488
10646
10646
10652
10646
10646
10646
5349
3209
2110
10655
10655
5001
2620
10666
10661
10661
10661
10661
1724
1607
10341
10667
10667
10667
10667
8612
10673
10673
10673
10678
4814
10002
10683
10680
10680
4897
10685
3959
7387
10684
10684
6400
1072
2410
4192
8276
4629
7953
10694
10694
10522
10702
10699
6575
10704
10067
5397
9110
3784
10705
10705
6928
819
7283
10719
10712
536
10712
10712
10712
2012
713
940
10712
3658
1046
10712
8193
3590
9297
10726
4672
10731
3081
2680
5974
4504
805
2566
5500
10740
10738
5783
10745
9177
751
10745
10740
106
10757
10754
10756
10749
3426
10750
3426
10750
9763
10757
7290
10763
5172
10758
10758
10758
5243
2155
7616
3038
9330
10772
10782
7731
10769
10767
10769
2550
3026
3718
5009
2966
4956
10769
2722
10767
10769
10769
10769
3967
10795
5058
10795
10795
10795
477
10795
10795
2712
3623
2420
1359
8613
10803
10803
10014
8588
6840
10806
10190
6288
814
10810
10807
5498
10122
10814
10812
10596
5910
10361
7303
10821
1360
5430
5676
10821
2342
6313
8716
2640
8036
10832
10827
10827
10827
6265
6343
10840
10835
10835
6532
10835
10844
10844
10844
4828
9411
10852
10852
460
10852
4
10316
1698
5173
10855
2781
10856
10876
10628
10855
1168
1475
1505
10863
86
10872
6826
10872
10872
2203
10872
10872
4140
10868
267
8182
6286
9834
2524
10879
10877
8765
10880
10880
10885
10885
10886
672
3716
8793
10890
1076
672
10891
9125
7070
3803
7151
10893
10893
8481
10914
10893
7670
7438
10964
361
9055
824
6986
10910
5322
10916
142
10911
2254
9033
962
6967
10921
10921
10919
9196
6901
9868
7465
851
8743
10926
10926
5837
8847
9500
10936
10936
10936
3798
10935
8332
2955
10945
10945
10939
10939
10945
10939
7003
10947
9652
537
8439
4358
10952
10953
8137
8924
9046
10067
4571
7263
10961
6336
10960
10341
10964
254
148
1272
10973
5392
3585
7377
10973
7024
9980
5257
10980
10975
10975
10975
10975
10974
605
10984
10982
4525
7158
5150
